Pathway 1,receive PARs,send TGFb,send SELPLG,send SELL,send MHC-I,receive GALECTIN,receive CD22,send CD45,send ANGPT,send FGF,receive CD34,receive SELPLG,receive SEMA4,send LIGHT,receive CD39,send GRN,send PSAP,send JAM,send APP,receive ESAM,send ESAM,receive SELL,send CD34,send CD52,send ANNEXIN,send MHC-II,receive BAFF,send IL16,receive ANGPTL,send IL1,send PDGF,send VCAM,send CXCL,send GP1BA,send BST2,send SEMA6,receive NOTCH,receive EPHB,receive EPHA,send OSM,send NOTCH,send EPHB,send FLT3,receive SEMA5,receive NCAM,receive GRN,receive TWEAK,send MK,receive ncWNT,send NKG2D,send VISFATIN,send APELIN,send CD46,send IL6,receive ENHO,send THBS,send CD1D2,send CD86,receive NPR2,receive FGF,receive SLURP,receive COLLAGEN,receive NRG,receive SPP1,send GDF,receive CEACAM,send BMP,send PTN,receive VEGF,send PROS,receive ANGPT,send LIFR,receive IGF,send SEMA4,send CCL,send ICAM,receive TGFb,receive PDGF,receive ITGAL-ITGB2,receive ICAM,send ITGAL-ITGB2,send CLEC,receive ADIPONECTIN,receive KIT,receive JAM,receive THBS,receive VTN,receive TENASCIN,receive VWF,receive FN1,receive LAMININ,send ICOS,send IL2,send TWEAK,send PARs,send VISTA,receive SEMA3,receive CCL,receive CXCL,receive IL6,send SPP1,receive DMP1,receive BSP,receive PERIOSTIN,receive CD23,receive THY1,send LAIR1,receive COMPLEMENT,send CD39,receive APP,send LCK,receive ACTIVIN,receive GDF,send CSF,send COLLAGEN,send TNF,send GAS,send IL7,send WNT,receive PECAM1,send PECAM1,receive CD52,send THY1,receive MIF,receive CD200,send LAMININ,receive CLEC,receive IL1,receive PTN,receive SEMA7,send GALECTIN,receive IFN-II,send ANGPTL,receive MK,receive VISFATIN,receive SELE,receive SEMA6,receive WNT,send AGRN,receive AGT,send MIF,send VEGF
receive PARs,0.0,0.869441833563424,0.3274216393831171,0.0,0.8065793245715072,0.4036341811504613,0.5635554467230631,0.5635554467230631,0.7492503257276287,0.6700924809580588,0.3005061293924052,0.2383648418091948,0.3928409296037911,0.4132615527854566,0.5302356038054954,0.5431852819315106,0.4900983619339539,0.453753044534619,0.3684781415294637,0.4323956958766938,0.4323956958766938,0.4924524537195359,0.5063136821909443,0.3605463000619748,0.4598968839495791,0.660233943908456,0.6363301707160409,0.6066416159779182,0.1301930271639173,0.5274724657687492,0.3368214628753277,0.3212591789319839,0.4972038239550929,0.2045923413929734,0.0,0.2109629510186954,0.1890311718442917,0.2422482658531254,0.1351845902958758,0.1632142445391054,0.0,0.3220414969348398,0.2390097452476626,-0.1314782229980231,0.0,0.0,0.0,-0.1354741526465201,-0.1725505997897792,0.0,0.0,0.0,0.0,0.0,0.0,0.1622321753107563,0.1208615738436616,0.1284445446663437,0.1224064706568968,0.0,0.0,0.0,0.1814838838625447,0.1956892926686162,0.1339555133919504,0.2795061854652352,0.1437901373701812,0.2331650575243924,0.2857906592851047,0.3381174218560822,0.4583952851823291,0.5073711497792786,0.5275149855034712,0.3809577465991618,0.3740949262182766,0.3510255551737506,0.1964442407638258,0.3187856249779511,0.4913484242860425,0.3644221924519083,0.3347052954087261,0.1862341342140235,0.3238131539664989,0.2922808751831884,0.501230710579131,0.4174868832023386,0.4940418910768632,0.3332952539374663,0.4974808335468311,0.5786266386275956,0.488690546785249,0.0,0.3279497039208414,0.3256450277111255,0.0,0.1399512474558605,0.0,0.2526800201320539,0.233136867188713,0.1662515481267909,0.0,0.1972541975154123,0.1816385430404638,0.1654871105180346,0.2312579177345568,0.2238261627165257,0.0,0.1401079365186385,0.0,0.1322094371861964,0.1285429932164117,0.0,0.0,0.0,0.1809853516023853,0.1929472324483041,0.0,0.1278983179797367,0.0,0.0,0.0,0.0,0.0,0.1717383560315874,0.1904874099797418,0.2132808436299391,-0.1328839988159643,-0.2464612769056361,-0.6373672731081668,0.3878413740188375,0.0,-0.2739465672587453,-0.3326951470741171,-0.2174740192813953,0.0,-0.2226499585162101,-0.2368790754072914,-0.2993785525255747,-0.1490912603976699,-0.6009599841800787,-0.5103007266032366,-0.3876221553128786
send TGFb,0.869441833563424,0.0,0.417938825862292,0.1318984264745321,0.7191665140088777,0.3530035588273391,0.5319762076702124,0.5319762076702124,0.7027124268528027,0.6998743060691011,0.3093377951749051,0.2749605246518502,0.4099324741085697,0.4257994481711294,0.4852705572120115,0.5482077984068013,0.4788068157851449,0.3395132509109647,0.3450683965172789,0.3637464884340897,0.3637464884340897,0.5177302726469482,0.5321172891127435,0.4313013233664954,0.4550388666485444,0.6562817022726868,0.6066156480205867,0.606148158335524,-0.1530069878539198,0.4978448919473506,0.3192175949223803,0.3347506889044332,0.4319398933675722,0.1842082771606044,0.0,0.1807316965368456,0.1227467624502687,0.2047743197319434,0.1373604810259268,0.1849768080407978,0.0,0.2057314521143878,0.1995679041931665,-0.1599019387632859,0.0,0.1380517146393874,0.0,-0.1383035202682062,-0.2051736617388388,0.0,0.0,0.0,0.0,0.0,0.1538485821822582,0.2059964711377084,0.0,0.0,0.0,0.0,0.0,-0.1652331166168742,0.0,0.1447483155957394,0.1934808588466536,0.2886095248666165,0.1512987854365742,0.2351401052958548,0.3100637245905134,0.3450984819269598,0.4445978068336614,0.4442132738671399,0.4573670565881064,0.423467497694324,0.3671584824622391,0.3723615750944424,0.0,0.3463880077424649,0.5149977754240442,0.3812160402419126,0.36402036380808,0.2558365740541121,0.2570872332020585,0.1820863583132429,0.4117498481784313,0.3880624531240909,0.4469096383960038,0.291829087147635,0.4485940568435131,0.5181799714555377,0.4143648903915033,0.0,0.3799521539211581,0.2859301533831461,0.0,0.1567167790150678,0.1285482292519089,0.2427014372707051,0.2183435644165233,0.1506411609112178,0.0,0.1480167549866737,0.1466296127923352,0.1430992196328764,0.1657535228762216,0.1735321526767744,0.0,0.0,0.0,0.0,0.0,0.0,0.0,0.0,0.1781570414465782,0.2118529443268615,0.0,0.0,0.0,0.1467750198047999,0.1467750198047999,0.0,0.1415888151163029,0.1332909700633629,0.2107805263830397,0.1997564340720732,0.0,-0.2509141791934515,-0.6030892270928487,0.320995032866464,0.0,-0.3040534807367229,-0.2456483363701136,-0.2337500881705752,0.0,-0.2906272190612738,-0.2480217742730157,-0.3590899369213898,-0.1538021457105869,-0.6085408065322127,-0.3714956917321721,-0.4063451987945691
send SELPLG,0.3274216393831171,0.417938825862292,0.0,0.4814697116557127,0.5649899651255029,0.4452716585285263,0.5933699600894701,0.5933699600894701,0.5014290665030459,0.5355187669889068,0.314725597782259,0.0,0.4819671197000739,0.4015367564644659,0.3964281269822891,0.5104087355335163,0.5107381822269231,0.212757155700852,0.2521242316302568,0.2246085034065296,0.2246085034065296,0.6450182580336732,0.6591775017979092,0.5990480621059145,0.6559898367031503,0.693857894970966,0.6147311720180821,0.6456211563235468,-0.3292828588276694,0.0,-0.2830406130931955,0.3914287825650364,0.0,-0.1390085233825772,0.1338082862981638,0.1306366981312505,0.2628641684190643,0.2805181261756175,0.2284846945311793,0.3291223682838048,0.1374878298283516,0.0,0.0,0.0,0.1654131655281173,0.0,0.1309836401159338,0.0,0.0,0.0,0.0,0.0,0.0,0.0,0.0,0.0,0.0,0.0,0.0,0.2299930683800243,0.1278097840411751,0.0,0.0,-0.1360098425505782,0.2310520994213813,0.1407606884000205,0.0,0.0,0.0,0.0,0.1270885293505349,0.1213302760531746,0.1245850378264498,0.1600433881533627,0.3331658935601239,0.5493840349505849,0.4680127006874732,0.579637440765618,0.5595157225185611,0.4889771492810931,0.435360796553998,0.4908947206639641,0.3933506107028142,0.3911896780347476,0.286173994826915,0.2384993271975667,0.1516978004362532,0.0,0.1207659168323073,0.2048231192645337,0.2483931817616502,0.0,0.1864208278027474,0.2243306071380413,0.3470094122188029,0.2136106427211285,0.3443906244943741,0.2936686624833043,0.2230746737990339,0.0,0.2021505869772248,0.1371187501472234,0.1506355991185621,0.1657581822200541,0.2044378918405291,0.2408335438997345,0.323998757088685,0.1916509310085939,0.1875153730723296,0.3417323505614744,0.2918338884582628,0.3199446396727932,0.213649434600302,0.2107786174236597,0.27338213412124,0.260739337603306,0.0,0.1349140444362919,0.1590210336739199,0.3525807557402448,0.3525807557402448,0.4349947556640687,0.4342991900966392,0.3884606318873613,0.4678669801061647,0.3599475552450356,0.2864680478035011,0.1422907863329911,-0.6029268877831041,0.0,0.0,0.0,-0.177741109423507,-0.4315015062021766,-0.3649645694953037,-0.1342062114200677,-0.2011986254612459,-0.174291766198115,-0.1935476085031313,-0.5182560836580414,-0.2905972601803555,-0.3994286413279694
send SELL,0.0,0.1318984264745321,0.4814697116557127,0.0,0.3011512151409488,0.4776205408571147,0.472831846814792,0.472831846814792,0.4428867811119579,0.3874504583554776,0.5586292527873786,0.0,0.4996722355317861,0.5414237460837771,0.5095260920241603,0.5538762645824573,0.5467237113655987,0.3800895106309002,0.4491913754471247,0.3840670714653823,0.3840670714653823,0.0,0.6666477605513176,0.6258491134646251,0.5470810101697013,0.5302688445104025,0.5672057094669298,0.5483803927163614,0.1708293773647084,0.0,0.0,0.0,0.189245496229322,-0.1772577732805749,0.2094234191128471,0.1635858132191937,0.1479847461069175,0.0,0.0,0.1415241149433131,0.1769480149622112,0.0,0.0,0.0,0.0,0.0,0.0,0.0,0.0,0.1776292825768244,0.0,0.0,0.0,0.0,0.0,0.0,0.0,0.1517981202726309,0.0,0.0,0.0,0.2189706964770983,0.1321714507931533,0.1560744565066792,0.2089788100833464,0.0,0.0,0.0,0.0,0.0,0.0,0.0,-0.1552321941221164,0.0,0.3285440644012653,0.4373677861161006,0.3607624946119661,0.2962280415575508,0.2371545867676017,0.1879046099402096,0.0,0.2970883649633344,0.2000202047300874,0.1755639375744666,0.3957609408865443,0.2358841630952325,0.3563671277460656,0.3123076959601634,0.2117639322486341,0.1470604226763294,0.3434288494254173,0.2371334657357855,0.2175548429772397,0.3383503455882979,0.5295192891958423,0.4448433494969102,0.4309648251869978,0.2763760440191921,0.2244865510168261,0.2857062167948487,0.2391025196905791,0.2799042170739856,0.2945346938951266,0.3134016162743949,0.3497760787501225,0.3717170430018605,0.3257138893008933,0.2890408282024538,0.334906982982007,0.4506633277209494,0.4692024290600656,0.446152282115743,0.4070402971303641,0.4064125840005534,0.3139265697852988,0.3117387251147387,0.1964587964132444,0.2175548429772398,0.1898048127451111,0.4430626991773567,0.4430626991773567,0.5133566269173474,0.5829343473815748,0.5115245502865869,0.5599000733132401,0.4527404212781155,0.4022921753727644,0.363654449417063,-0.3576963787343138,-0.2675184404942177,-0.2932643709978054,0.0,-0.1983131999837059,-0.2389826601222164,0.0,0.1392546108612247,-0.1392512170623648,0.0,0.0,-0.2020494863186517,0.0,-0.2018661623775025
send MHC-I,0.8065793245715072,0.7191665140088777,0.5649899651255029,0.3011512151409488,0.0,0.5748994052473502,0.7458958380400927,0.7458958380400926,0.7862082904840649,0.709273989696017,0.3931723820780021,0.4015377418861472,0.5634325436821983,0.4703747182397175,0.5725435800899461,0.6400625313523115,0.6651513055488474,0.5264723657272284,0.4018857649576871,0.4952665373560913,0.4952665373560913,0.673017958114525,0.6846663424607314,0.557537900117203,0.7002013911864524,0.8333202353815204,0.7784793415371379,0.7822643249735748,-0.198765640423023,0.2532188058331812,0.1722302402024473,0.3892052034964797,0.3671034904745711,0.0,0.0,0.2360779562238525,0.2908658660279622,0.2535684505465297,0.2311531805513535,0.2239118224183773,0.0,0.2512723454759777,0.1431542998310088,-0.1686905245837703,0.0,0.0,0.0,0.0,0.0,0.0,0.0,0.0,0.0,0.0,0.0,0.0,0.1881032876204995,0.167625170924424,0.180542756098961,0.1370255733087699,0.1527576908109493,0.0,0.1845784476067985,0.193736024665527,0.1563892659978122,0.2475949998633866,0.0,0.1578467683506789,0.1455819877483159,0.1770423463332047,0.3791935007016417,0.3384834053231625,0.4105953229231497,0.2505320780439091,0.4389376996279069,0.4867980323494978,0.3150010198353712,0.4799681098596823,0.5762760442504501,0.4369500289489987,0.3724723506526106,0.2665377089387802,0.4759909817050981,0.4006467903518675,0.6094335860064387,0.4326193263190514,0.4676092344171922,0.2682831585125134,0.3760523299141843,0.514501944534027,0.4943451962014726,0.0,0.3020510329619506,0.398871975582612,0.0,0.2274753461306616,0.1640895862744489,0.1690523761411101,0.1989260856541406,0.1807134074926732,0.2497859429375507,0.2269333812584836,0.2141011219010631,0.2063854006175862,0.3291328806252789,0.3274691050438167,0.1478436825385422,0.2306290718793126,0.1559934625326492,0.2601865478655866,0.2937431980169247,0.2219239199533492,0.134870844055545,0.1821194635818753,0.3276301548020674,0.2580656227789436,0.1667647389950139,0.1551375997943533,0.1495492124198368,0.2762039594276084,0.2762039594276084,0.2088623466074901,0.2395778723396278,0.358717178224663,0.3985059558679364,0.355570739384446,0.0,-0.1720016952042168,-0.7657722717137679,0.1812362587291688,-0.1232670051593847,-0.1396591092194014,-0.4031909410207408,-0.3580948992143845,-0.1856503304333426,-0.167161044671905,-0.2856912959784643,-0.282559503450937,-0.1924316186033655,-0.6020888723476656,-0.5897791726082287,-0.4675929189322763
receive GALECTIN,0.4036341811504613,0.3530035588273391,0.4452716585285263,0.4776205408571147,0.5748994052473502,0.0,0.0,0.0,0.5824870575667983,0.4965389640778935,0.4357663069924902,0.5044453442218068,0.4297118373456753,0.4201947600651654,0.52788836395531,0.5262352336955343,0.5558591796770651,0.3888926848122424,0.3176160835968419,0.3625196761212716,0.3625196761212716,0.6215663452487385,0.6238087967517796,0.5224007258902095,0.6062833962781398,0.6268177783251525,0.6277907694288625,0.6215820580482043,0.1655041274594461,0.0,-0.1356693967714767,0.217410368780334,0.2584076068047209,0.0,0.0,0.1626763139296438,0.2745186859773741,0.1930972771104166,0.0,0.1576078470202946,0.0,0.0,0.1299213037866104,-0.1220609184254741,0.0,0.0,0.0,0.0,0.0,0.0,0.0,0.0,0.0,0.0,0.0,0.0,0.1337326779326802,0.2334110660695185,0.1510314852359759,0.0,0.1378967158591267,0.0,0.1428650165225334,0.0,0.188694790481878,0.1900692974223524,0.0,0.0,0.0,0.0,0.1346849762858381,0.1221847329078737,0.2226902024411896,0.0,0.3509613819198648,0.3761698513352757,0.2728451766738151,0.3450763283523717,0.2981416878389318,0.2740296659531161,0.175733108013973,0.281013202000563,0.3852179211968362,0.3671170527175915,0.4595888608195477,0.4044866368714751,0.3757983625946893,0.2309945783070882,0.2603911417906809,0.0,0.0,0.0,0.1875502230805524,0.3873603650221037,0.1831095674457245,0.2567839999765349,0.2417665603063137,0.2954010724447056,0.1334552971255222,0.2228851706881327,0.2069229450634318,0.2473571765165672,0.2520559200575735,0.2628051659946302,0.3841389548900867,0.3693331895902033,0.1459435239362754,0.3084604314695213,0.2116706236028809,0.2868577965798149,0.3337469367480719,0.2319004357393003,0.1938621492330909,0.292715582915821,0.2371620454370286,0.2432121920741221,0.2025677032494604,0.1664620864752041,0.1805679363988565,0.406350300904601,0.406350300904601,0.3074889505591144,0.3028623054096836,0.0,0.4692414346868509,0.4033852279507091,0.2291177722707342,0.2599404797569091,-0.5492604295975954,0.0,0.0,0.0,-0.2848132359956912,-0.25086058832908,0.0,0.0,-0.1788823160943574,-0.134812093794862,-0.1659704500093863,-0.367268677931915,-0.377102048653392,-0.3473895472450709
receive CD22,0.5635554467230631,0.5319762076702124,0.5933699600894701,0.472831846814792,0.7458958380400927,0.0,0.0,0.0,0.6926309522620351,0.6151243007041728,0.4669754756518269,0.5253541008778938,0.5004442984626057,0.4876383184752103,0.599796705214343,0.6099843721015765,0.6345247583625794,0.4370172232682944,0.3769161166164148,0.4213814479582984,0.4213814479582984,0.7146225942764639,0.7215192370117451,0.6265978623275669,0.7259061924063595,0.781524490802824,0.767956101233648,0.7667975999594915,-0.198556811201185,0.0,-0.1697832236387747,0.3118215074598039,0.3065502309836715,0.0,0.0,0.2265206213222161,0.3552764404661658,0.2738311932454818,0.1557207847147625,0.269811510636705,0.0,0.0,0.0,0.0,0.0,0.0,0.0,0.0,0.0,0.0,0.0,0.0,0.0,0.0,0.0,0.0,0.1524927066117339,0.2386213458677453,0.1976066568265878,0.1449357501900085,0.1408130987302904,0.1518818104281516,0.1688660129210495,0.1702445501807792,0.1661588288713132,0.2374634261824595,0.0,0.0,0.0,0.0,0.1954789299112359,0.1996861771536202,0.2963631728570542,0.1675445617108243,0.429612783090993,0.5121320608643279,0.3731236025438527,0.4899415364765776,0.4788874644911629,0.405167391410766,0.3128768571224471,0.3537479415144942,0.4420355680007712,0.4332712316583696,0.5423683639908526,0.418776870106017,0.4181761114331107,0.2065757066805696,0.2952986541539397,0.4024476877708164,0.458283644117108,0.0,0.225074918722236,0.420540147131764,0.1905611221596848,0.2918493101288777,0.2688614912111026,0.285150489300319,0.1432219585642637,0.2386107845833014,0.2373549838488977,0.2515425983712728,0.2562721098381993,0.2676679429814085,0.3894201064060782,0.3750896168457514,0.2267883819028703,0.3061335734730357,0.2517496893550559,0.322759803452807,0.3532680086219842,0.2895728863299465,0.2237340793189464,0.2827245836171419,0.3108000516034766,0.2852765253963878,0.2088232742456557,0.1619177975930323,0.1755022729283728,0.4346579203262093,0.4346579203262093,0.3603462575012969,0.3244566656954123,0.4159515953853115,0.498711909602613,0.417419001042023,0.2017611759726801,0.1882730327298191,-0.7095421338430756,0.0,-0.1922535872070738,0.0,-0.3201695157864379,-0.3794336075754898,-0.2023344581130221,0.0,-0.2208573896225578,-0.1595290511138683,-0.2192913413011485,-0.5419296820830856,-0.4795901950975226,-0.4164846805650268
send CD45,0.5635554467230631,0.5319762076702124,0.5933699600894701,0.472831846814792,0.7458958380400926,0.0,0.0,0.0,0.6926309522620351,0.6151243007041728,0.4669754756518269,0.5253541008778937,0.5004442984626059,0.4876383184752101,0.5997967052143431,0.6099843721015765,0.6345247583625794,0.4370172232682944,0.3769161166164148,0.4213814479582983,0.4213814479582983,0.7146225942764639,0.7215192370117451,0.6265978623275669,0.7259061924063595,0.781524490802824,0.767956101233648,0.7667975999594915,-0.198556811201185,0.0,-0.1697832236387747,0.3118215074598039,0.3065502309836715,0.0,0.0,0.2265206213222161,0.3552764404661658,0.2738311932454818,0.1557207847147625,0.269811510636705,0.0,0.0,0.0,0.0,0.0,0.0,0.0,0.0,0.0,0.0,0.0,0.0,0.0,0.0,0.0,0.0,0.1524927066117339,0.2386213458677453,0.1976066568265878,0.1449357501900085,0.1408130987302904,0.1518818104281516,0.1688660129210495,0.1702445501807792,0.1661588288713132,0.2374634261824595,0.0,0.0,0.0,0.0,0.1954789299112359,0.1996861771536202,0.2963631728570542,0.1675445617108243,0.4078006779479498,0.5121320608643279,0.3731236025438527,0.4899415364765776,0.4788874644911629,0.4051673914107661,0.3128768571224469,0.3537479415144942,0.4420355680007712,0.4332712316583698,0.5423683639908526,0.418776870106017,0.4181761114331106,0.2065757066805696,0.2952986541539397,0.4024476877708166,0.458283644117108,0.0,0.225074918722236,0.4205401471317639,0.1905611221596848,0.2918493101288777,0.2688614912111026,0.2851800017918895,0.1432219585642638,0.2386107845833014,0.2373549838488977,0.2515425983712729,0.2562721098381993,0.2676679429814085,0.3894201064060782,0.3750896168457514,0.2267883819028703,0.3063851005153042,0.2517496893550559,0.3227598034528069,0.3532680086219842,0.2895728863299465,0.2237340793189464,0.2827245836171418,0.3104131452359214,0.2852765253963877,0.2088232742456558,0.1619177975930323,0.1755022729283728,0.4346579203262093,0.4346579203262093,0.360346257501297,0.3244566656954123,0.4159515953853114,0.4987077616616229,0.4174190010420232,0.2017611759726801,0.1882730327298191,-0.7095421338430756,0.0,-0.1922535872070738,0.0,-0.3201695157864379,-0.3794336075754898,-0.2023344581130221,0.0,-0.2208573896225578,-0.1595290511138683,-0.2192913413011485,-0.5419296820830856,-0.4795901950975227,-0.4164846805650268
send ANGPT,0.7492503257276287,0.7027124268528027,0.5014290665030459,0.4428867811119579,0.7862082904840649,0.5824870575667983,0.6926309522620351,0.6926309522620351,0.0,0.753410451700622,0.6166579092346435,0.6097800742301557,0.5619972955025703,0.6430208297462436,0.7184687864800847,0.7573923488951309,0.7160161224615396,0.5934446163483718,0.5381684783933502,0.6023768327405588,0.6023768327405588,0.7853405085291889,0.7899567456654242,0.6279593983345411,0.6614631569535083,0.8439369876854295,0.8256385325869571,0.7694691733572945,0.2940648876314749,0.3919183747812929,0.3218573181558323,0.1743717274484091,0.5244893713722683,0.1209732050329022,0.0,0.2128899451891121,0.2301604815244589,0.263625553865256,0.1535680989714749,0.1631581387554389,0.1578376031627297,0.1708593862717659,0.2426888010122651,-0.1542716857555337,0.1248457804771918,0.0,0.0,0.0,0.0,0.0,0.0,0.0,0.0,0.0,0.1269857690815044,0.1426950821326514,0.0,0.1852653281855201,0.2112683885708201,0.1483116015650104,0.130062239240058,0.1629582142104079,0.2456136653540709,0.2316494993671377,0.1960899465258517,0.2911273250556426,0.1818663661075085,0.1791844962054818,0.2301279828729512,0.3052071347988803,0.0,0.3601298710386815,0.3318068325786687,0.1943530125014419,0.4100460609331439,0.4987104211258055,0.3344292471738962,0.3415490915873138,0.4401210296813421,0.3314140726519852,0.2699220192633027,0.2619323978786796,0.3706420885064808,0.3105224098230759,0.6303094196877441,0.4500783616606224,0.5997083414871499,0.4908166588573706,0.5665134424658098,0.5514070640795896,0.6225584227630644,0.197376806657962,0.2683046412929655,0.4679228059657612,0.1932514199844348,0.3903186009849161,0.2840841056711209,0.2017316102946593,0.3514247111108084,0.320654112013539,0.1827048958660238,0.3834404718941561,0.37558869507066,0.3739677196734149,0.4288438177115908,0.4146672138076398,0.23916265879337,0.250106328331533,0.2023233193501167,0.3349629849072825,0.40608377872317,0.3401523058897185,0.2311958460077472,0.2729979211315256,0.3496083648109754,0.3352114103971523,0.2076097597196994,0.2649907075531191,0.2508972047413152,0.3435348179157949,0.3435348179157949,0.3317800866961687,0.3535251460181405,0.4357026266497083,0.5048997817706768,0.4347043417382634,0.0,-0.2263606584098487,-0.6743415308764713,0.0,-0.3086372940775639,-0.2332439979249042,-0.3674663882068392,-0.233404534994123,0.0,0.0,-0.2944361564405861,-0.2085838265417283,-0.1388668863196157,-0.546928985187933,-0.3606526139324673,-0.4147243163596356
send FGF,0.6700924809580588,0.6998743060691011,0.5355187669889068,0.3874504583554776,0.709273989696017,0.4965389640778935,0.6151243007041728,0.6151243007041728,0.753410451700622,0.0,0.4125208701482016,0.4594051411029045,0.4826635840523915,0.5763603603819976,0.5903106275587309,0.6632032980164071,0.6210095221722072,0.4426052864838315,0.4261314698242518,0.4787128706381084,0.4787128706381084,0.7067560448627072,0.7134484456174573,0.5868523386751485,0.5925672366992658,0.7350120551452172,0.7077194235508066,0.6596953050155872,0.1648590050353881,0.3426640578250534,0.2640092939081153,0.2783324670050444,0.3655663058358567,0.0,0.0,0.1510789517352806,0.0,0.257144224754315,0.0,0.1967679663523101,0.1335539866628128,0.1754191011481001,0.1800421079225279,0.0,0.0,0.1598841701928131,0.0,0.0,-0.1412216574306862,0.0,0.0,0.0,0.0,0.0,0.2050723573394596,0.0,0.0,0.0,0.1268571721200081,0.0,0.0,0.1232115200177051,0.0,0.2301776330362828,0.2237147935811273,0.2355745867694219,0.1546744379818498,0.1557314220101414,0.1667281299660263,0.1965350242081393,0.3080852108792508,0.3159588465770718,0.338641075713891,0.2488756234275474,0.3579906735451949,0.4537492356336503,0.3033416197151468,0.3937910059770262,0.4285338521222329,0.4090710668378036,0.3912862823048721,0.3333467908515482,0.3409720662126994,0.2428688967547362,0.5296515571911113,0.3628884298035035,0.5047038677621908,0.3574401186368797,0.4548747829508912,0.4715976107454092,0.4786500211211437,0.1236038758470674,0.2918746473971812,0.3370941098144674,0.2356543191809364,0.2888998534956514,0.2906543325647069,0.1697623171045988,0.204372530718127,0.1664879587589739,0.1971431047451802,0.2474139833089492,0.2362517311931068,0.2287424516948971,0.254674929413204,0.2772793853696424,0.1711037299707984,0.1270319154925846,0.1755760918077427,0.2560426012878617,0.3198860560767441,0.2148062621263086,0.0,0.1908262420723997,0.3136571373062292,0.277905059510607,0.0,0.0,0.1559211517544783,0.289533595307656,0.289533595307656,0.254470438785165,0.4089898931310159,0.3597726963766991,0.4843942793525789,0.41234362719471,0.0,-0.1537903368564311,-0.6364483802374844,0.132129642319771,0.0,-0.3128742641603028,-0.3169058376576369,-0.2460873827209167,0.0,-0.1447092473938163,-0.2315236199248866,-0.2940829707348608,-0.1372662375011605,-0.4695282552760561,-0.3307638915071546,-0.3238616865471821
receive CD34,0.3005061293924052,0.3093377951749051,0.314725597782259,0.5586292527873786,0.3931723820780021,0.4357663069924902,0.4669754756518269,0.4669754756518269,0.6166579092346435,0.4125208701482016,0.0,0.0,0.5168485208951642,0.6254397051695588,0.6312082534128507,0.6283722882191605,0.5884503899848978,0.5051609607424683,0.5473354403220754,0.5837952444911114,0.5837952444911114,0.6505315966292362,0.0,0.5671449091288429,0.4883582854152234,0.5655102223249892,0.6024391287693736,0.5460408371059279,0.2699469795075861,0.2112673876382653,0.1852850115239537,-0.1820391893974312,0.4318945114160196,0.0,0.2247336697886814,0.1359257466526211,0.1738846069848559,0.0,0.0,0.0,0.2243263000029018,0.0,0.0,0.0,0.1297286849393623,0.0,0.0,0.0,0.0,0.0,0.0,0.0,0.0,0.0,0.1247324026281,0.1692682687257045,0.0,0.0,0.2079987617332722,0.1473931094402077,0.1339574814070728,0.1937507532880616,0.1976352540937033,0.1518945463462505,0.1650684890857257,0.1685136809188474,0.2038249422608586,0.1791381495212807,0.2472481740421285,0.3100392026153109,0.1577958726932714,0.0,0.0,0.0,0.3015268903358464,0.3784441605507059,0.274513387653691,0.1301760620953041,0.1649133078714692,0.1388202347937006,0.0,0.1295750379033697,0.0,0.0,0.4957333007495944,0.286272194681639,0.5155809334836708,0.4963973009126781,0.4417957777856278,0.2701102717062857,0.5032690846178287,0.261176809717904,0.2826925936123324,0.4019328022440661,0.3880689266978305,0.5482868435120272,0.446312997765999,0.2407935109549714,0.2639461087438132,0.4250580433853443,0.2048810190953862,0.3692549439860892,0.3749172861408782,0.3892506701172534,0.3926429865341492,0.3904105458907633,0.2452678243702565,0.2328342291355006,0.2264694051403381,0.3272861409334356,0.4883308006226178,0.3989129091486264,0.3604178883229773,0.3019464358203279,0.3183578765103833,0.2811883177064521,0.3076122655983408,0.2826925936123324,0.2535540466894706,0.3846073578640551,0.3846073578640551,0.4381383678401312,0.4702762300385804,0.4357780200436443,0.4626928845890901,0.4194169809119847,0.2885211334310134,0.2939899399746888,-0.3234671408461823,-0.1803312058575304,-0.4699017480135704,0.0,-0.2607976296957009,0.0,0.1886011351377484,0.0,-0.2086122603350013,0.0,0.0,-0.2905134111362923,0.0,-0.1637159202609054
receive SELPLG,0.2383648418091948,0.2749605246518502,0.0,0.0,0.4015377418861472,0.5044453442218068,0.5253541008778938,0.5253541008778937,0.6097800742301557,0.4594051411029045,0.0,0.0,0.5414740964907949,0.6524285552706268,0.6241707296403516,0.6733485558905664,0.6355132375467925,0.504807238455019,0.5619568318645938,0.5502474573943159,0.5502474573943159,0.7355566746771482,0.731740007721885,0.6444190914849297,0.5519669423749581,0.6038951332344639,0.6606184024384173,0.5918717144084599,0.2372209970947867,0.1473543775255005,0.2334087885368449,-0.1337704468235659,0.4016663817501585,0.0,0.2168481678628705,0.1754774853131162,0.1725788170880284,0.0,0.0,0.0,0.2334371855134163,0.0,0.0,-0.1236495212671667,0.0,0.0,0.0,0.0,0.0,0.0,0.0,0.0,0.0,0.0,0.0,0.0,0.0,0.1281798474693036,0.1731932738256092,0.1545560682388225,0.0,0.2047566931949699,0.1952008507052592,0.1458375792017476,0.190167970517733,0.1555334418661497,0.154355819980003,0.1471371050928081,0.2087572693043886,0.2346626705824069,0.1440344307358755,0.0,0.0,0.0,0.3453477028170062,0.4404899651363312,0.3054282017938366,0.1836615428522704,0.2161155022996485,0.1547089239821036,0.0,0.2358309832545199,0.1400054741099579,0.0,0.5206238086097196,0.2788340000521551,0.5237296001663236,0.4902704206649939,0.4203699025370144,0.2603415005894685,0.4844795920581639,0.2510756397608635,0.262884588277249,0.4184919389016355,0.4948137086563319,0.5449051700780255,0.4447599743165334,0.2815890927372771,0.2383968827142213,0.4025823388151624,0.2666788241814496,0.3646108548411721,0.3765974538709127,0.392789981031802,0.4028552991565289,0.4099555440914522,0.2696794968284646,0.2887916461941439,0.3251403820189779,0.398775731057273,0.5369238654643756,0.4225273145136143,0.3824267789519235,0.3655847303125293,0.36285581381889,0.3192205176476188,0.2567998868227354,0.262884588277249,0.252436059333477,0.4608295692655058,0.4608295692655058,0.4655105141039209,0.5543210767112877,0.4984808429092499,0.5670377555907564,0.4470166727046545,0.3762961062469605,0.3188276469806526,-0.3913178534204149,-0.2084462138599092,-0.4244940088041765,0.0,-0.2549840378664467,-0.2001148052575402,0.1308991660148556,0.0,-0.1915399467146047,0.0,0.0,-0.2726384807033825,0.0,-0.1961900121778543
receive SEMA4,0.3928409296037911,0.4099324741085697,0.4819671197000739,0.4996722355317861,0.5634325436821983,0.4297118373456753,0.5004442984626057,0.5004442984626059,0.5619972955025703,0.4826635840523915,0.5168485208951642,0.5414740964907949,0.0,0.5358466584372051,0.5109947222162297,0.5377726203004116,0.5500915527214043,0.3830329131830841,0.4348688497933081,0.4145753227069758,0.4145753227069758,0.5843160974788337,0.6080971840790916,0.5664452635044407,0.4891396080139846,0.6248530807698196,0.5993259811564499,0.5476064569420498,0.2010066609270802,0.0,0.1505724837314417,0.1457795654543169,0.2725278983016571,0.0,0.1945985024913423,0.2014109685782981,0.2647262346042988,0.1890857531819982,0.176423972843946,0.2194124972485786,0.2250039532237857,0.0,0.0,0.0,0.1452563753211364,0.0,0.0,0.0,0.0,0.0,0.0,0.0,0.0,0.0,0.1470563086199575,0.129933592171266,0.0,0.1409698788139381,0.175498838900162,0.19283756399809,0.2103222300311823,0.1739142162538219,0.185815587058793,0.1865384800652851,0.1797561035620949,0.2090114287714673,0.1590068549562989,0.0,0.1741769881696817,0.1551488331313057,0.1605616741881675,0.154344968939329,0.0,0.0,0.3459680814752199,0.4405818175266803,0.3913465696785803,0.3460047854606336,0.3248416814764802,0.3229334154217326,0.248345010069607,0.2869177750345656,0.2742014673621789,0.3104395488385372,0.416653720603595,0.3189231643995413,0.354126382033464,0.2869571391703389,0.2759586913044772,0.30759274479612,0.3964966913040528,0.2789841558345402,0.1834271755637054,0.3217412478111181,0.2856421757728871,0.3517222613688433,0.0,0.2617765594895668,0.2218113720268487,0.2990065537030668,0.2476575521294661,0.2715110119255153,0.278676890686112,0.2854231833343476,0.3454399077786002,0.3504146453150235,0.3151908966883524,0.2536727686400709,0.2901802283394658,0.3479693290951827,0.3984761950746559,0.4214295333126329,0.279862659827238,0.2842198534382982,0.3471164202322948,0.3510820717160715,0.2680649897276774,0.2013003316758494,0.2331518931588848,0.3550135955580327,0.3550135955580327,0.3643128737393788,0.3868904632243385,0.4232737582157208,0.4971032041094504,0.4053641817778991,0.2317940079194942,0.2628519413888828,-0.511498197588777,-0.1283830635757263,-0.3171501351598209,0.0,-0.2519998686081767,-0.2398127585789775,-0.1347504665998673,0.0,0.0,0.0,-0.1276174197782688,-0.3907480087762393,-0.171234811390847,-0.3153944801369818
send LIGHT,0.4132615527854566,0.4257994481711294,0.4015367564644659,0.5414237460837771,0.4703747182397175,0.4201947600651654,0.4876383184752103,0.4876383184752101,0.6430208297462436,0.5763603603819976,0.6254397051695588,0.6524285552706268,0.5358466584372051,0.0,0.5843885176436147,0.6486718372010474,0.6179473092972785,0.5290940665692808,0.5101308907412772,0.5630028868206405,0.5630028868206405,0.6855331788934202,0.6893369644964882,0.6318042470314755,0.4928706098753541,0.6223049327933768,0.6690317792957823,0.5990303180747782,0.1789455203939877,0.3056090310971215,0.2888233592445016,0.0,0.4118858652349468,0.0,0.0,0.1514083357884216,0.1691225408545491,0.1246119722662242,0.0,0.0,0.1678895556056984,0.0,0.1209978179850007,0.0,0.0,0.1544407061482506,0.0,0.0,0.0,0.0,0.0,0.0,0.0,0.0,0.1842836407066755,0.1525206923747517,0.0,0.0,0.0,0.142544208991081,0.0,0.1755335356864527,0.1224361405164394,0.1273897677536588,0.242680575839736,0.1851673941860158,0.1966084058913519,0.1352926427081831,0.16579202704647,0.3292428309813021,0.1804770666428115,0.1526598986290332,0.0,0.1198849323692567,0.3094528490668287,0.3847185043627779,0.2892257627827409,0.1739875103369512,0.2109173621255587,0.1896543249014516,0.1381942609765559,0.2284242316777699,0.1408682230916434,0.0,0.498316542568352,0.3013632171227263,0.5380316090368105,0.4872813600552478,0.4733958092090285,0.2492542573575972,0.4323121797062316,0.2211084168652938,0.2249743287011976,0.3983467971338075,0.3770289052917125,0.4900359043606362,0.397880440029219,0.1628212344251039,0.3535313353349105,0.332135015996625,0.1959007105942305,0.2995429192241899,0.3097587584648248,0.3239113988562598,0.3339195292531224,0.3350368524776921,0.2579733836199358,0.2313218318467718,0.190249687425047,0.3416271815047643,0.3949346732841083,0.27212337528152,0.2718813985762949,0.3115064066271233,0.3294254578277856,0.3533983612019781,0.1385935267040341,0.291576481224804,0.252068734060052,0.3831540520344044,0.3831540520344044,0.4560327566742385,0.4145609500527887,0.401567410002866,0.4707793021570672,0.4349362846412383,0.1921969800412709,0.2097178735993021,-0.4523850695351333,0.0,-0.4005516830595652,-0.1500263544970441,-0.2962112267753462,-0.1876513675298112,0.0,0.0,-0.1622825085471723,-0.1339211273925767,0.0,-0.3338976953098901,0.0,-0.2065572861091489
receive CD39,0.5302356038054954,0.4852705572120115,0.3964281269822891,0.5095260920241603,0.5725435800899461,0.52788836395531,0.599796705214343,0.5997967052143431,0.7184687864800847,0.5903106275587309,0.6312082534128507,0.6241707296403516,0.5109947222162297,0.5843885176436147,0.0,0.6532354263140207,0.6851038038748735,0.5211951770869834,0.5208230836523163,0.5985268294796697,0.5985268294796697,0.6882895372721707,0.6937318723338673,0.5558296819275219,0.6023889990315406,0.6802266676086144,0.7045793186180204,0.6670644473951796,0.2878495216696917,0.2741512400513883,0.2617755059774417,0.0,0.3965921746341645,0.0,0.1298099594472607,0.186894984060849,0.2296774030666958,0.1821104348789445,0.0,0.1384257773670128,0.2068429886472716,0.1314214383489689,0.0,-0.1473860002451925,0.0,0.0,0.0,0.0,0.0,0.0,0.0,0.0,0.0,0.0,0.1240436469399011,0.1315892429924612,0.0,0.1534309262065973,0.1617052533100436,0.1469399502418921,0.1332540210513701,0.1675959184668411,0.2308858547084047,0.1990601212743159,0.2161989211981316,0.2254481510581977,0.1793617735949331,0.0,0.2574264599182855,0.2617613737562215,0.2439970623499315,0.1769997578044922,0.1360329661287742,0.0,0.3017368899018364,0.3917487483134804,0.3599559221607843,0.2640080062440875,0.2469963220212212,0.1827934706987325,0.0,0.2166306364826442,0.2656014280948273,0.2448656345009585,0.5315456214077638,0.3971290132206009,0.5219545147412481,0.4398492745247563,0.4330702915053956,0.3846080349005203,0.5265763812475968,0.2418341160119161,0.1705128531617566,0.4237967850942635,0.2718998269273859,0.4206027337410601,0.3743659682222932,0.2446392898026604,0.2234416677378071,0.2962647986228661,0.2203475453396908,0.3752525459864664,0.3792924455004595,0.3763012600623188,0.4086710518371768,0.4211515510213071,0.2064837931331661,0.2307366523804452,0.0,0.3368518977416848,0.4218075475794849,0.3793917416037828,0.2892684645024994,0.310830694719384,0.3283509278950663,0.3374245680089344,0.2646268287590456,0.2089259721203268,0.1990484127454446,0.413250173643943,0.413250173643943,0.3910478622247663,0.415236208621471,0.4234612930555251,0.4902713288897489,0.4657530878970058,0.140920403526371,0.2989476939084921,-0.5238947607967098,0.0,-0.3270673142321905,-0.1363961426190616,-0.3254264076708187,-0.2094286739248227,0.0,0.0,-0.2561617161584039,-0.1369832411670883,-0.1399511319028703,-0.4407797244963338,-0.2522204118759846,-0.3133019914932855
send GRN,0.5431852819315106,0.5482077984068013,0.5104087355335163,0.5538762645824573,0.6400625313523115,0.5262352336955343,0.6099843721015765,0.6099843721015765,0.7573923488951309,0.6632032980164071,0.6283722882191605,0.6733485558905664,0.5377726203004116,0.6486718372010474,0.6532354263140207,0.0,0.7172090475672471,0.5200363430324695,0.5160604593602381,0.5428800957836594,0.5428800957836594,0.7631810399087642,0.7732091375383618,0.6647437050718064,0.6290243290810523,0.7592801848484834,0.7435480081186008,0.7218377415340744,0.2426710979401707,0.2908617856004596,0.2979335422576288,0.0,0.4581635979431104,0.0,0.0,0.1676528624785868,0.1751476149583312,0.2110812286050838,0.1860154926540571,0.1227141883617261,0.2417929372302182,0.0,0.0,-0.1995127525477376,0.0,0.0,0.0,0.0,0.0,0.0,0.0,0.0,0.0,0.0,0.0,0.0,0.0,0.202618155821847,0.1375561291170614,0.1532715837203942,0.0,0.148628149976007,0.1887435156769367,0.1763205677218371,0.20639330782807,0.2391804899003988,0.1532759209438885,0.1566628531395642,0.2064119567021269,0.2869162218730804,0.2931104993710029,0.2162348122030487,0.1327095601815228,0.1668387711383826,0.3771610832246491,0.49214528104682,0.3008305264914021,0.3245977923751859,0.4004657741417969,0.2793986124782434,0.212453186894627,0.3606329651929562,0.3525138738047225,0.1923217995913631,0.5814261951297416,0.3568432881059141,0.5823498489740793,0.4583311690366318,0.4911691983540067,0.4112296042585522,0.5220739615843495,0.1601468319886912,0.1804806877456304,0.3870370096319179,0.3422362832728228,0.4661071609813476,0.3920425671064481,0.2025147370896285,0.2562410959372653,0.3231224350760122,0.228010098922009,0.3209724078820075,0.3299009125063927,0.346348498507937,0.3756959530436084,0.3883119382792576,0.2771914798652346,0.2219630439999289,0.263119574876807,0.3590687056965675,0.4255410387844376,0.3466255481235321,0.3109397218271076,0.3144180361005566,0.3297860156171143,0.3879355141292917,0.2154690704263732,0.190352419793076,0.2061724921158785,0.3693963192444429,0.3693963192444429,0.4230346575174689,0.4475175553587395,0.4675669605323172,0.5223085868457648,0.4034184499234922,0.2419431662494276,0.2247972742366837,-0.5824771020699963,0.0,-0.3566064077996103,-0.1573466113335379,-0.3837360617002869,-0.2195624570127802,0.0,0.0,-0.3024523950886058,-0.1804497015639026,-0.1210974875068031,-0.4160598893846414,-0.2029254622508876,-0.3351316355098501
